1311919544;;up;up;BKB;up;ok;0;0;0;;0;0;100;629679;655776;54264841;63576646;0.4;0.4;mcmns04.mns.psys;GigabitEthernet0/1;;;0;0;0;0;0;0;
1312219578;;up;up;BKB;up;ok;0;0;0;;0;0;100;0;0;0;0;0.4;0.4;mcmns04.mns.psys;Serial1/0;;;0;0;0;0;0;0;
1312219578;;up;up;BKB;up;ok;0;0;0;;0;0;100;198670;195322;10635770;10398900;0.4;0.4;mcmns04.mns.psys;Serial1/0.852;;;0;0;0;0;0;0;
1312219578;;up;up;BKBCM;up;ok;0;0;0;;0;0;100;18896279;19734869;3057407267;4111980877;43.9;11.0;mcmns04.mns.psys;Serial1/1;;;0;0;0;0;0;0;
1311919544;;up;up;BKB;up;ok;0;0;0;;0;0;100;195776;194083;9882704;10183288;0.4;0.4;mcmns04.mns.psys;Serial1/2;;;0;0;0;0;0;0;
1312223144;;up;up;BKBCM;up;ok;119;129;0;;0;0;100;18859082;19707974;3047226949;4109220940;27.8;4.7;mcmns04.mns.psys;Serial1/3;;;0;0;0;0;0;0;
1312219578;;up;up;BKB;up;ok;0;0;0;;0;0;100;198784;195301;10674534;10398093;0.4;0.4;mcmns04.mns.psys;Serial1/4;;;0;0;0;0;0;0;
1312219578;;up;up;BKB;up;ok;0;0;0;;0;0;100;196096;195513;10547191;10421629;0.4;0.4;mcmns04.mns.psys;Serial1/5;;;0;0;0;0;0;0;
1312219578;;up;up;BKBCM;up;ok;0;0;0;;0;0;100;18898826;20079042;3058216505;4166467449;43.9;10.6;mcmns04.mns.psys;Serial1/6;;;0;0;0;0;0;0;
1312219578;;up;up;BKBC;up;ok;0;0;0;;0;0;100;0;0;0;0;0.4;0.4;mcmns04.mns.psys;Serial4/3:1;;;0;0;0;0;0;0;
1312219578;;up;up;BKBC;up;ok;0;25;0;;0;0;100;199456;196208;10734938;10539139;0.4;0.4;mcmns04.mns.psys;Serial4/3:1.851;;;0;0;0;0;0;0;
1312220743;;up;up;BKBCM;up;ok;0;0;0;;0;0;100;0;0;0;0;0.4;0.4;mcmns04.mns.psys;Serial6/7:0;;;0;0;0;0;0;0;
