1312298011;;up;up;BKB;up;ok;0;0;0;;0;0;100;193708425;107216529;3210248728;3918252918;0.4;0.4;mccta04.cta.psys;GigabitEthernet0/1;;;0;0;0;0;0;0;
1312298011;;up;up;BKB;up;ok;0;0;0;;0;0;100;10558698;12536972;2216309092;4051046776;0.4;0.4;mccta04.cta.psys;GigabitEthernet0/3;;;0;0;0;0;0;0;
1312298011;;up;up;BKB;up;ok;0;0;0;;0;8553;100;13705528;15651421;1654442484;1497715699;0.4;0.4;mccta04.cta.psys;Serial1/0;;;0;0;0;0;0;0;
1312298012;;up;up;BKBCM;up;ok;0;0;0;;0;0;100;0;0;0;0;0.4;0.4;mccta04.cta.psys;Serial2/0:0;;;0;0;0;0;0;0;
1312298012;;up;up;BKBCM;up;ok;0;0;0;;0;0;100;0;0;0;0;0.4;0.4;mccta04.cta.psys;Serial3/0:0;;;0;0;0;0;0;0;
1312298012;;up;up;BKBCM;up;ok;0;0;0;;0;0;100;0;95965;0;2303160;0.4;0.4;mccta04.cta.psys;Serial3/2:0;;;0;0;0;0;0;0;
1312298012;;up;up;BKBCM;up;ok;170;1652;0;;0;7357;100;25330084;23456627;1959475990;1872084841;0.4;0.4;mccta04.cta.psys;Serial3/4:0;;;0;0;0;0;0;0;
1312298012;;up;up;BKBCM;up;ok;0;0;0;;0;0;100;0;0;0;0;0.4;0.4;mccta04.cta.psys;Serial3/6:0;;;0;0;0;0;0;0;
1312298012;;up;up;BKB;up;ok;17;40;0;;0;0;100;146038;1039049;7970131;492657683;0.4;0.4;mccta04.cta.psys;Serial4/4:0;;;0;0;0;0;0;0;
1312298012;;up;up;BKB;up;ok;5;106;0;;0;523;100;55571693;65319348;199247950;1818992743;3.9;24.3;mccta04.cta.psys;Serial4/4:0.612;;;0;0;0;0;0;7;
1312298012;;up;up;BKBCM;up;ok;0;0;0;;0;0;100;23744113;22133537;1092046843;1287683525;2.4;39.6;mccta04.cta.psys;Serial4/6:0;;;0;0;0;0;0;0;
1312298012;;up;up;BKB;up;ok;3;41;0;;0;0;100;7199708;2178230;1056663926;458725837;0.4;0.4;mccta04.cta.psys;Serial4/7:0;;;0;0;0;0;0;0;
1312298012;;up;up;BKB;up;ok;0;0;0;;0;0;100;0;0;0;0;0.4;0.4;mccta04.cta.psys;Serial5/4:0;;;0;0;0;0;0;0;
1312298012;;up;up;BKB;up;ok;17;404;0;;0;1153;100;39578903;34519483;2352350868;1334201740;0.4;0.8;mccta04.cta.psys;Serial5/4:0.664;;;0;0;0;0;0;0;
1312298012;;up;up;BKBC;up;ok;0;0;0;;0;0;100;0;0;0;0;0.4;0.4;mccta04.cta.psys;ATM6/0;;;0;0;0;0;0;0;
1312298012;;up;up;BKBC;up;ok;226;;0;;0;43;100;1255207782;1324847587;554251520776;234245502847;2.7;0.8;mccta04.cta.psys;ATM6/0.151;;;0;0;0;0;0;0;
1312298012;;up;up;BKBC;up;ok;0;;0;;0;43;100;23749405;24876816;10350884848;7719278837;2.7;0.8;mccta04.cta.psys;ATM6/0.611;;;0;0;0;0;0;0;
1312298012;;up;up;BKBC;up;ok;4055;;0;;0;43;100;49558133;52072107;6671881154;24607668585;2.7;0.8;mccta04.cta.psys;ATM6/0.661;;;0;0;0;0;0;0;
1312298012;;up;up;BKBC;up;ok;10;;0;;0;43;100;1452732;4716015;81355776;229095266;2.7;0.8;mccta04.cta.psys;ATM6/0.682;;;0;0;0;0;0;0;
