1312320781;;up;up;BKBC;up;ok;0;0;0;;0;0;100;214656389;195599831;4028652645;1787693887;0.4;0.4;mcbsa01.bsa.psys;GigabitEthernet0/1.218;;;0;0;0;0;0;0;
1312320781;;up;up;BKB;up;ok;0;0;0;;0;0;100;0;0;0;0;0.4;0.4;mcbsa01.bsa.psys;GigabitEthernet0/2;;;0;0;0;0;0;0;
1312320781;;up;up;BKB;up;ok;0;0;0;;0;0;100;35486132;933893352;2894004100;2041909041;0.4;0.4;mcbsa01.bsa.psys;GigabitEthernet0/3;;;0;0;0;0;0;0;
1312320781;;up;up;BKBC;up;ok;;AAL5errors:0;3;;0;26972;100;0;0;0;0;3.9;2.0;mcbsa01.bsa.psys;ATM1/0.500;;;0;0;0;0;0;1;
1312320781;;up;up;BKBC;up;ok;0;;3;;0;26972;100;44305;3083416;15934630;1898873691;3.9;2.0;mcbsa01.bsa.psys;ATM1/0.501;;;0;0;0;0;0;1;
1312320781;;up;up;BKBC;up;ok;0;;3;;0;26972;100;44397;8950593;19415700;7390372726;3.9;2.0;mcbsa01.bsa.psys;ATM1/0.600;;;0;0;0;0;0;1;
1312320781;;up;up;BKBC;up;ok;1;;3;;0;26972;100;44321;4744;16340915;436360;3.9;2.0;mcbsa01.bsa.psys;ATM1/0.700;;;0;0;0;0;0;1;
1312320781;;up;up;BKBC;up;ok;0;;3;;0;26972;100;44318;16215827;16339814;11872661747;3.9;2.0;mcbsa01.bsa.psys;ATM1/0.701;;;0;0;0;0;0;1;
1312320781;;up;up;BKBC;up;ok;0;;3;;0;26972;100;193318033;209003789;40159836658;50859859386;3.9;2.0;mcbsa01.bsa.psys;ATM1/0.704;;;0;0;0;0;0;1;
1312320781;;up;up;BKBC;up;ok;0;;3;;0;26972;100;44316;11064136;15126875;7895022359;3.9;2.0;mcbsa01.bsa.psys;ATM1/0.801;;;0;0;0;0;0;1;
1312320781;;up;up;BKBC;up;ok;2;;3;;0;26972;100;735177236;258626681;141045250384;37866653570;3.9;2.0;mcbsa01.bsa.psys;ATM1/0.902;;;0;0;0;0;0;1;
1312320781;;up;up;BKBC;up;ok;6;;3;;0;26972;100;717188992;269264052;164231679946;38735211914;3.9;2.0;mcbsa01.bsa.psys;ATM1/0.911;;;0;0;0;0;0;1;
