1312320775;;up;up;BKBC;up;ok;74;82;0;;0;29522;100;208247131;204939948;2242897194;1454342414;3.9;5.1;mcpae01.pae.psys;ATM1/1/0.131;;;0;0;0;0;0;453;
1312320775;;up;up;BKBC;up;ok;73;;0;;0;29522;100;109793072;94432746;59055051297;19861233886;3.9;5.1;mcpae01.pae.psys;ATM1/1/0.151;;;0;0;0;0;0;453;
1312320775;;up;up;BKBc;up;ok;0;;0;;0;29522;100;21154;15628;4617210;974928;3.9;5.1;mcpae01.pae.psys;ATM1/1/0.500;;;0;0;0;0;0;453;
1312320775;;up;up;BKBC;up;ok;0;;0;;0;29522;100;21162;3502636;6664800;3054333813;3.9;5.1;mcpae01.pae.psys;ATM1/1/0.501;;;0;0;0;0;0;453;
1312320775;;up;up;BKBC;up;ok;0;;0;;0;29522;100;612041;613712;32990768;32706078;3.9;5.1;mcpae01.pae.psys;ATM1/1/0.614;;;0;0;0;0;0;453;
1312320775;;up;up;BKBC;up;ok;0;;0;;0;29522;100;625629;631313;36298005;35198236;3.9;5.1;mcpae01.pae.psys;ATM1/1/0.622;;;0;0;0;0;0;453;
1312320775;;up;up;BKBC;up;ok;0;;0;;0;29522;100;644841;659499;39422597;65221331;3.9;5.1;mcpae01.pae.psys;ATM1/1/0.692;;;0;0;0;0;0;453;
1312320775;;up;up;BKBC;up;ok;0;0;0;;0;0;100;0;0;0;0;0.4;0.4;mcpae01.pae.psys;FastEthernet5/0/0;;;0;0;0;0;0;0;
1312320775;;up;up;BKBC;up;ok;0;0;0;;0;0;100;10824923;5003092;1484144072;1766841959;0.4;0.4;mcpae01.pae.psys;FastEthernet5/1/0;;;0;0;0;0;0;0;
1312320775;;up;up;BKB;up;ok;0;0;0;;0;0;100;0;0;0;0;0.4;0.4;mcpae01.pae.psys;Serial6/0/7;;;0;0;0;0;0;0;
