1312296023;;up;up;BKB;up;ok;12;218;0;;0;0;100;0;0;0;0;0.4;0.4;mcigs04.igs.psys;FastEthernet5/0/0;;;0;0;0;0;0;0;
1312296023;;up;up;BKB;up;ok;0;0;0;;0;0;100;0;0;0;0;0.4;0.4;mcigs04.igs.psys;FastEthernet5/1/0;;;0;0;0;0;0;0;
1312296023;;up;up;BKBC;up;ok;0;0;0;;0;39;100;1001990324;990536676;634209550555;315911631648;2.4;3.5;mcigs04.igs.psys;ATM6/0/0;;;0;0;0;0;0;0;
1312296023;;up;up;BKBC;up;ok;0;;0;;0;168716;100;3217230;3258553;173654692;174137538;0.4;0.4;mcigs04.igs.psys;ATM6/0/0.921;;;0;0;0;0;0;0;
1312296023;;up;up;BKB;up;ok;47;;0;;0;168716;100;3686135;2979519642;379581222;205032504104;0.4;0.4;mcigs04.igs.psys;ATM6/0/0.1163;;;0;0;0;0;0;0;
1312296023;;up;up;BKB;up;ok;77;;0;;0;168716;100;2841668;2574125815;295031503;176801580282;0.4;0.4;mcigs04.igs.psys;ATM6/0/0.2163;;;0;0;0;0;0;0;
1312296023;;up;up;BKB;up;ok;0;;0;;0;168716;100;10;10309;280;947916;0.4;0.4;mcigs04.igs.psys;ATM6/0/0.3163;;;0;0;0;0;0;0;
1312296023;;up;up;BKB;up;ok;0;;0;;0;168716;100;13;10319;364;948772;0.4;0.4;mcigs04.igs.psys;ATM6/0/0.4163;;;0;0;0;0;0;0;
1312296023;;up;up(connected);BKBC;up;ok;0;0;14;;0;0;100;38638957247;18393319966;6919541458263;4153855250949;2.7;1.2;mcigs04.igs.psys;GigabitEthernet7/1;;;0;0;0;0;0;0;
1312296023;;up;up(connected);BKBC;up;ok;0;0;0;;0;0;100;0;0;0;0;0.4;0.4;mcigs04.igs.psys;GigabitEthernet8/2;;;0;0;0;0;0;0;
