1312319545;;up;up;BKBC;up;ok;0;0;0;;0;0;95;0;0;0;0;0.4;0.4;mcigs01.igs.psys;ATM1/1/0;;;0;0;0;0;0;0;
1312319545;;up;up;BKBC;up;ok;0;;0;;0;0;100;559726;549037;29808310;29759250;7.5;0.8;mcigs01.igs.psys;ATM1/1/0.131;;;0;0;0;0;0;0;
1312319545;;up;up;BKBC;up;ok;862;;0;;0;0;100;54505064;97488804;43955535326;22722705153;7.5;0.8;mcigs01.igs.psys;ATM1/1/0.221;;;0;0;0;0;0;0;
1312319545;;up;up;BKBC;up;ok;4573;;0;;0;0;100;94716417;50246147;75175250102;11786573559;7.5;0.8;mcigs01.igs.psys;ATM1/1/0.222;;;0;0;0;0;0;0;
1312319545;;up;up;BKBC;up;ok;528;;0;;0;0;100;25694961;31958962;8663701960;32270576575;7.5;0.8;mcigs01.igs.psys;ATM1/1/0.300;;;0;0;0;0;0;0;
1312319545;;up;up;BKBCNGN;up;ok;0;;0;;0;0;100;0;0;0;0;7.5;0.8;mcigs01.igs.psys;ATM1/1/0.409;;;0;0;0;0;0;0;
1312319545;;up;up;BKBC;up;ok;158;;0;;0;0;100;5981612;5227350;2374039852;2243193364;7.5;0.8;mcigs01.igs.psys;ATM1/1/0.1161;;;0;0;0;0;0;0;
1312319545;;up;up;BKBC;up;ok;0;;0;;0;0;100;0;37153;0;3120852;7.5;0.8;mcigs01.igs.psys;ATM1/1/0.1171;;;0;0;0;0;0;0;
1312319545;;up;up;BKBC;up;ok;0;;0;;0;0;100;6333376;905550;1568922798;160636710;7.5;0.8;mcigs01.igs.psys;ATM1/1/0.1201;;;0;0;0;0;0;0;
1312319545;;up;up;BKBC;up;ok;2;;0;;0;0;100;7710039;1061876;4556740168;126822638;7.5;0.8;mcigs01.igs.psys;ATM1/1/0.1202;;;0;0;0;0;0;0;
1312319545;;up;up;BKBC;up;ok;0;;0;;0;0;100;2655821;2523843;672672902;371969826;7.5;0.8;mcigs01.igs.psys;ATM1/1/0.1203;;;0;0;0;0;0;0;
1312319545;;up;up;BKBC;up;ok;32;;0;;0;0;100;709887556;4557992;69246514113;2123862149;7.5;0.8;mcigs01.igs.psys;ATM1/1/0.2161;;;0;0;0;0;0;0;
1312337544;;up;up(connected);BKBC;up;ok;0;0;0;;0;0;99;0;0;0;0;0.4;0.4;mcigs01.igs.psys;FastEthernet4/1;;;0;0;0;0;0;0;
1312337544;;up;up(connected);BKBC;up;ok;0;0;0;;0;0;100;71871;49718;14078803;9550973;0.4;0.4;mcigs01.igs.psys;FastEthernet4/2;;;0;0;0;0;0;0;
1312337544;;up;up(connected);BKBC;up;ok;0;0;0;;0;0;100;217388;2492810;16254995;3504982119;0.4;0.4;mcigs01.igs.psys;FastEthernet4/3;;;0;0;0;0;0;0;
1312337544;;up;up(connected);BKB;up;ok;0;0;0;;0;0;100;440498;37781;33952356;6165377;0.4;0.4;mcigs01.igs.psys;FastEthernet4/7;;;0;0;0;0;0;0;
1312337544;;up;up(connected);BKB;up;ok;0;0;0;;0;0;100;0;0;0;0;0.4;0.4;mcigs01.igs.psys;FastEthernet4/15;;;0;0;0;0;0;0;
1312337544;;up;up(connected);BKBC;up;ok;0;0;0;;0;0;100;1004093;280558;85533338;25090762;0.4;0.4;mcigs01.igs.psys;FastEthernet4/30.2;;;0;0;0;0;0;0;
1312337544;;up;up(connected);BKBC;up;ok;0;0;0;;0;0;100;995807;1006288;182521244;180101155;0.4;0.4;mcigs01.igs.psys;FastEthernet4/31.5;;;0;0;0;0;0;0;
1312337544;;up;up(connected);BKBC;up;ok;0;0;0;;0;0;100;130446592;224856443;16155927096;294528289645;0.4;0.4;mcigs01.igs.psys;FastEthernet4/38.10;;;0;0;0;0;0;0;
1312337544;;up;up(connected);BKBC;up;ok;0;0;0;;0;0;100;0;0;0;0;0.4;0.4;mcigs01.igs.psys;FastEthernet4/45;;;0;0;0;0;0;0;
1312337544;;up;up(connected);BKBC;up;ok;0;0;0;;0;49;100;361469;177226;25844096;42947892;0.4;0.4;mcigs01.igs.psys;FastEthernet4/46;;;0;0;0;0;0;0;
1312337544;;up;up;BKBC;up;ok;0;0;0;;0;0;100;0;0;0;0;0.4;0.4;mcigs01.igs.psys;ATM6/1/0;;;0;0;0;0;0;0;
1312337544;;up;up;BKBC;up;ok;0;;0;;0;0;100;560294;549326;29896604;29805780;0.4;0.4;mcigs01.igs.psys;ATM6/1/0.151;;;0;0;0;0;0;0;
1312337544;;up;up;BKBC;up;ok;0;;0;;0;0;100;9790311;1389362;4784751081;234941558;0.4;0.4;mcigs01.igs.psys;ATM6/1/0.1101;;;0;0;0;0;0;0;
1312337544;;up;up;BKBC;up;ok;0;;0;;0;0;100;559609;2867001;185049842;391939241;0.4;0.4;mcigs01.igs.psys;ATM6/1/0.1102;;;0;0;0;0;0;0;
1312337544;;up;up;BKBC;up;ok;0;;0;;0;0;100;2275972;1311783;963651275;185589065;0.4;0.4;mcigs01.igs.psys;ATM6/1/0.1103;;;0;0;0;0;0;0;
1312337545;;up;up;BKB;up;ok;1;;0;;0;0;100;1904534;4421369;1240781859;748174427;0.4;0.4;mcigs01.igs.psys;ATM6/1/0.1104;;;0;0;0;0;0;0;
1312337545;;up;up;BKB;up;ok;3;;0;;0;0;100;3550398;2019740;2796490356;357697460;0.4;0.4;mcigs01.igs.psys;ATM6/1/0.1204;;;0;0;0;0;0;0;
1312337545;;up;up;BKBC;up;ok;0;;0;;0;0;100;0;0;0;0;0.4;0.4;mcigs01.igs.psys;ATM6/1/0.1901;;;0;0;0;0;0;0;
1312337545;;up;up(connected);BKBC;up;ok;0;0;1674;;0;0;100;4899626559;5568111804;1788639223580;2031260525531;1.2;2.4;mcigs01.igs.psys;GigabitEthernet7/1;;;0;0;0;0;0;0;
1312337545;;up;up(connected);BKBC;up;ok;0;0;0;;0;0;100;0;0;0;0;0.4;0.4;mcigs01.igs.psys;GigabitEthernet8/1;;;0;0;0;0;0;0;
1312337545;;up;up(connected);BKBC;up;ok;0;0;0;;0;0;100;334567702;216662908;251191855590;64784272096;0.4;0.4;mcigs01.igs.psys;GigabitEthernet8/2;;;0;0;0;0;0;0;
1312337546;;up;up;BKBC;up;ok;0;0;0;;0;0;100;0;0;0;0;0.4;0.4;mcigs01.igs.psys;Serial13/1/7:0.710;;;0;0;0;0;0;0;
