1312235656;;up;up;BKB;up;ok;0;0;0;;0;759;100;354845322;374541248;4063839082;3163195150;0.4;0.4;mcmbi04.mbi.psys;GigabitEthernet0/1;;;0;0;0;0;0;0;
1312235656;;up;up;BKBC;up;ok;0;0;0;;0;447;100;13060212;26908359;3160066146;2620738209;0.4;0.4;mcmbi04.mbi.psys;FastEthernet0/2;;;0;0;0;0;0;0;
1312235656;;up;up;BKBC;up;ok;0;0;0;;0;0;100;12622516;1597731;4090545855;165198381;0.4;0.4;mcmbi04.mbi.psys;GigabitEthernet0/2;;;0;0;0;0;0;0;
1312235656;;up;up;BKBC;up;ok;0;1;0;;0;0;100;971695413;3335904749;3370681574;3072251251;3.5;3.1;mcmbi04.mbi.psys;GigabitEthernet0/3;;;0;0;0;0;0;0;
1312235656;;up;up;BKBC;up;ok;0;0;0;;0;140;100;3511474;647274966;339700221;2168524207;0.4;0.4;mcmbi04.mbi.psys;ATM1/0;;;0;0;0;0;0;0;
1312235656;;up;up;BKB;up;ok;0;;0;;0;140;100;828342;812503;44012366;42758219;0.4;0.4;mcmbi04.mbi.psys;ATM1/0.921;;;0;0;0;0;0;0;
1312235656;;up;up;BKB;up;ok;0;;0;;0;140;100;1054898;307888346;114797032;21291150293;0.4;0.4;mcmbi04.mbi.psys;ATM1/0.1163;;;0;0;0;0;0;0;
1312235656;;up;up;BKB;up;ok;0;;0;;0;140;100;524063;336890963;75337848;23275325096;0.4;0.4;mcmbi04.mbi.psys;ATM1/0.2163;;;0;0;0;0;0;0;
1312235656;;up;up;BKB;up;ok;0;;0;;0;140;100;0;2683;0;246836;0.4;0.4;mcmbi04.mbi.psys;ATM1/0.3163;;;0;0;0;0;0;0;
1312235656;;up;up;BKB;up;ok;0;;0;;0;140;100;2;2686;56;246920;0.4;0.4;mcmbi04.mbi.psys;ATM1/0.4163;;;0;0;0;0;0;0;
1312235656;;up;up;BKB;up;ok;0;0;0;;0;0;100;0;0;0;0;0.4;0.4;mcmbi04.mbi.psys;Serial6/7:0;;;0;0;0;0;0;0;
