1312319546;;up;up;BKBC;up;ok;120;16;0;;0;502006;100;382956946;485422710;118059068319;223385042801;2.4;4.3;mcigs03.igs.psys;ATM1/0/0;;;0;0;0;0;0;0;
1312319546;;up;up;BKBC;up;ok;0;;0;;0;502006;100;2283;0;678051;0;2.4;4.3;mcigs03.igs.psys;ATM1/0/0.992;;;0;0;0;0;0;0;
1312319546;;up;up;BKBC;up;ok;0;;0;;0;502006;100;0;0;0;0;2.4;4.3;mcigs03.igs.psys;ATM1/0/0.993;;;0;0;0;0;0;0;
1312319546;;up;up;BKBC;up;ok;0;;0;;0;502006;100;0;0;0;0;2.4;4.3;mcigs03.igs.psys;ATM1/0/0.994;;;0;0;0;0;0;0;
1312319546;;up;up;BKBC;up;ok;0;;0;;0;502006;100;2283;2740;824163;153440;2.4;4.3;mcigs03.igs.psys;ATM1/0/0.995;;;0;0;0;0;0;0;
1312319546;;up;up;BKBC;up;ok;1;;0;;0;502006;100;75322;506294;4380496;28352464;2.4;4.3;mcigs03.igs.psys;ATM1/0/0.996;;;0;0;0;0;0;0;
1312319546;;up;up;BKBC;up;ok;0;;0;;0;502006;100;59633;512646;3624968;28708176;2.4;4.3;mcigs03.igs.psys;ATM1/0/0.997;;;0;0;0;0;0;0;
1312319546;;up;up;BKBC;up;ok;0;;0;;0;502006;100;57849;541278;3538224;30311568;2.4;4.3;mcigs03.igs.psys;ATM1/0/0.998;;;0;0;0;0;0;0;
1312319546;;up;up;BKBC;up;ok;0;;0;;0;502006;100;77230;384984;4552920;21559104;2.4;4.3;mcigs03.igs.psys;ATM1/0/0.999;;;0;0;0;0;0;0;
1312319546;;up;up;BKBC;up;ok;117;;0;;0;502006;100;7306;0;2067102;0;2.4;4.3;mcigs03.igs.psys;ATM1/0/0.1903;;;0;0;0;0;0;0;
1312319546;;up;up;BKBC;up;ok;0;;0;;0;502006;100;2246887;2037366;850970520;838752196;2.4;4.3;mcigs03.igs.psys;ATM1/0/0.2163;;;0;0;0;0;0;0;
1312319546;;up;up;BKBC;up;ok;0;;0;;0;502006;100;0;13665;0;1147860;2.4;4.3;mcigs03.igs.psys;ATM1/0/0.2172;;;0;0;0;0;0;0;
1312336340;;up;up(connected);BKBC;up;ok;0;0;0;;0;0;100;74412;123241;4590680;10369631;0.4;0.4;mcigs03.igs.psys;FastEthernet3/1;;;0;0;0;0;0;0;
1312336340;;up;up(connected);BKBC;up;ok;0;0;0;;0;3;100;71463384;64859674;22614633535;37360231730;0.4;0.4;mcigs03.igs.psys;FastEthernet3/2;;;0;0;0;0;0;0;
1312336340;;up;up(connected);BKBC;up;ok;0;0;0;;0;0;100;0;0;0;0;0.4;0.4;mcigs03.igs.psys;FastEthernet3/8;;;0;0;0;0;0;0;
1312336340;;up;up(connected);BKB;up;ok;0;0;0;;0;0;100;19173;5319;1270864;392346;0.4;0.4;mcigs03.igs.psys;FastEthernet3/9;;;0;0;0;0;0;0;
1312336340;;up;up(connected);BKBC;up;ok;0;0;0;;0;0;100;319855;138756;23473991;12572352;0.4;0.4;mcigs03.igs.psys;FastEthernet3/30.2;;;0;0;0;0;0;0;
1312336340;;up;up(connected);BKBC;up;ok;0;0;0;;0;0;100;425838;425754;33988223;33965080;0.4;0.4;mcigs03.igs.psys;FastEthernet3/31.5;;;0;0;0;0;0;0;
1312336340;;up;up(connected);BKBC;up;ok;0;0;0;;0;0;100;0;0;0;0;0.4;0.4;mcigs03.igs.psys;FastEthernet3/40;;;0;0;0;0;0;0;
1312336340;;up;up(connected);BKBC;up;ok;0;0;0;;0;0;100;0;0;0;0;0.4;0.4;mcigs03.igs.psys;FastEthernet3/45;;;0;0;0;0;0;0;
1312336340;;up;up(connected);BKBC;up;ok;0;0;0;;0;89;100;316272;272352;27025793;279439242;0.4;0.4;mcigs03.igs.psys;FastEthernet3/46;;;0;0;0;0;0;0;
1312336340;;up;up(connected);BKBC;up;ok;;AAL5errors:0;0;;0;0;100;1550884;1554253;238386380;250108704;0.4;0.4;mcigs03.igs.psys;GigabitEthernet7/1;;;0;0;0;0;0;0;
1312336340;;up;up(connected);BKBC;up;ok;0;0;0;;0;0;100;359765831;209388820;226539650966;112006859208;0.4;0.4;mcigs03.igs.psys;GigabitEthernet7/2;;;0;0;0;0;0;0;
1312336340;;up;up(connected);BKBC;up;ok;0;0;0;;0;0;100;0;0;0;0;0.4;0.4;mcigs03.igs.psys;GigabitEthernet8/2;;;0;0;0;0;0;0;
1312336340;;up;up;BKBCM;up;ok;0;20;0;;0;0;100;392688;453808;255225498;75044828;0.4;0.4;mcigs03.igs.psys;Serial10/0/2:0;;;0;0;0;0;0;0;
1312336340;;up;up;BKBCM;up;ok;0;0;0;;0;0;100;9534964;4215383;1089615596;605718777;3.1;1.6;mcigs03.igs.psys;Serial10/0/3:0;;;0;0;0;0;0;0;
1312336340;;up;up;BKBCM;up;ok;0;0;0;;0;0;100;0;0;0;0;0.4;0.4;mcigs03.igs.psys;Serial13/1/7:0;;;0;0;0;0;0;0;
