1312256064;;up;up;BKB;up;ok;0;0;0;;0;0;100;0;0;0;0;0.4;31.8;mcpat01.pat.psys;Serial1/0/1.214;;;0;0;0;0;0;0;
1312256064;;up;up;BKBC;up;ok;0;0;0;;0;0;100;3096152;4246972;516498685;697382792;0.8;1.2;mcpat01.pat.psys;Serial1/0/7;;;0;0;0;0;0;0;
1312256064;;up;up;BKBC;up;ok;26795;6207;0;;0;0;100;646538990;464848300;432148147434;121172379370;3.5;0.4;mcpat01.pat.psys;ATM1/1/0;;;3;2;0;0;0;0;
1312256064;;up;up;BKBC;up;ok;1;;0;;0;0;100;10093734;4496694;2388952216;3431814860;3.5;0.4;mcpat01.pat.psys;ATM1/1/0.123;;;0;0;0;0;0;0;
1312256064;;up;up;BKB;up;ok;0;;0;;0;0;100;0;0;0;0;3.5;0.4;mcpat01.pat.psys;ATM1/1/0.126;;;0;0;0;0;0;0;
1312256064;;up;up;BKB;up;ok;0;;0;;0;0;100;30189;0;2605460;0;3.5;0.4;mcpat01.pat.psys;ATM1/1/0.132;;;0;0;0;0;0;0;
1312256064;;up;up;BKB;up;ok;0;;0;;0;0;100;0;0;0;0;3.5;0.4;mcpat01.pat.psys;ATM1/1/0.135;;;0;0;0;0;0;0;
1312256064;;up;up;BKB;up;ok;0;;0;;0;0;100;30183;841180;3621960;413911720;3.5;0.4;mcpat01.pat.psys;ATM1/1/0.137;;;0;0;0;0;0;0;
1312256064;;up;up;BKB;up;ok;0;;0;;0;0;100;211134;1100966;103280204;457140915;3.5;0.4;mcpat01.pat.psys;ATM1/1/0.138;;;0;0;0;0;0;0;
1312256064;;up;up;BKB;up;ok;0;;0;;0;0;100;131425;694370;12354318;364931987;3.5;0.4;mcpat01.pat.psys;ATM1/1/0.139;;;0;0;0;0;0;0;
1312256064;;up;up;BKBC;up;ok;0;;0;;0;0;100;4111738;4057392;198398883;196579355;3.5;0.4;mcpat01.pat.psys;ATM1/1/0.151;;;0;0;0;0;0;0;
1312256064;;up;up;BKBC;up;ok;0;;0;;0;0;100;13960;30200;4215920;1812000;3.5;0.4;mcpat01.pat.psys;ATM1/1/0.201;;;0;0;0;0;0;0;
1312256064;;up;up;BKB;up;ok;0;;0;;0;0;100;30181;0;3018100;0;3.5;0.4;mcpat01.pat.psys;ATM1/1/0.202;;;0;0;0;0;0;0;
1312256064;;up;up;BKBC;up;ok;0;;0;;0;0;100;4939427;1313366;756922969;728469072;3.5;0.4;mcpat01.pat.psys;ATM1/1/0.224;;;0;0;0;0;0;0;
1312256064;;up;up;BKBC;up;ok;0;;0;;0;0;100;30184;30204;4225760;1812240;3.5;0.4;mcpat01.pat.psys;ATM1/1/0.600;;;0;0;0;0;0;0;
1312256064;;up;up;BKB;up;ok;18;;0;;0;0;100;6735635;2193675;5138305497;402437568;3.5;0.4;mcpat01.pat.psys;ATM1/1/0.1104;;;0;0;0;0;0;0;
1312256064;;up;up;BKBC;up;ok;5;;0;;0;0;100;13783054;12332633;5375426380;4846703247;3.5;0.4;mcpat01.pat.psys;ATM1/1/0.1161;;;0;0;0;0;0;0;
1312256064;;up;up;BKBC;up;ok;0;;0;;0;0;100;0;83606;0;7022904;3.5;0.4;mcpat01.pat.psys;ATM1/1/0.1171;;;0;0;0;0;0;0;
1312256064;;up;up;BKB;up;ok;4;;0;;0;0;100;13521045;3215011;5624613535;642786314;3.5;0.4;mcpat01.pat.psys;ATM1/1/0.1204;;;0;0;0;0;0;0;
1312256064;;up;up(connected);BKBC;up;ok;0;0;0;;0;0;100;44145;44121;7096568;8967132;0.4;0.4;mcpat01.pat.psys;FastEthernet3/1;;;0;0;0;0;0;0;
1312256064;;up;up(connected);BKBC;up;ok;0;0;0;;0;0;100;4565257;4130304;353123573;435509957;0.4;0.4;mcpat01.pat.psys;FastEthernet3/2;;;0;0;0;0;0;0;
1312256064;;up;up(connected);BKB;up;ok;0;0;0;;0;0;100;0;0;0;0;0.4;0.4;mcpat01.pat.psys;FastEthernet3/48;;;0;0;0;0;0;0;
1312256064;;up;up;BKB;up;ok;0;0;0;;0;246;100;1344164;1372569;192081581;344919477;0.4;1.6;mcpat01.pat.psys;Serial6/1/0;;;0;0;0;0;0;37;
1312256065;;up;up(connected);BKBC;up;ok;0;0;0;;0;0;100;0;0;0;0;0.4;0.4;mcpat01.pat.psys;GigabitEthernet7/1;;;0;0;0;0;0;0;
1312256065;;up;up(connected);BKBC;up;ok;0;0;0;;0;0;100;0;0;0;0;0.4;0.4;mcpat01.pat.psys;GigabitEthernet8/2;;;0;0;0;0;0;0;
1312256065;;up;up;BKB;up;ok;0;0;0;;0;0;100;505342;508862;66748519;67196653;0.4;0.4;mcpat01.pat.psys;Serial10/0/2:0;;;0;0;0;0;0;0;
1312256065;;up;up;BKB;up;ok;0;0;0;;0;331;100;68354061;53799951;14544104810;26246261496;2.4;2.4;mcpat01.pat.psys;Serial10/0/2:0.102;;;0;0;0;0;0;0;
1312256065;;up;up;BKB;up;ok;0;0;0;;0;0;100;0;0;0;0;0.4;0.4;mcpat01.pat.psys;Serial11/1/1;;;0;0;0;0;0;0;
1312256065;;up;up;BKB;up;ok;0;0;0;;0;0;100;130563;44087632;13638387;5066103449;0.4;2.7;mcpat01.pat.psys;Serial11/1/1.500;;;0;0;0;0;0;0;
1312256065;;up;up;BKB;up;ok;0;0;0;;0;0;100;20487898;20331960;14164173725;15148993099;0.4;0.4;mcpat01.pat.psys;Serial11/1/2;;;0;0;0;0;0;0;
