1312297852;;up;up;BKBC;up;ok;0;0;0;;0;0;100;28343086;107846669;3904102118;1595168432;0.4;0.4;mbigs01.igs.psys;GigabitEthernet0/1;;;0;0;0;0;0;0;
1312297852;;up;up;BKBC;up;ok;0;0;0;;0;0;100;0;0;0;0;0.4;0.4;mbigs01.igs.psys;GigabitEthernet0/2;;;0;0;0;0;0;0;
1312297852;;up;up;BKBCM;up;ok;0;0;0;;0;0;100;0;0;0;0;0.4;0.4;mbigs01.igs.psys;Serial1/2:0;;;0;0;0;0;0;0;
1312297852;;up;up;BKBCM;up;ok;0;0;0;;0;0;100;191253;193725;8724714;8438633;0.4;0.4;mbigs01.igs.psys;Serial1/3:0;;;0;0;0;0;0;0;
1312297852;;up;up;BKBCM;up;ok;105;1385;0;;0;0;100;30896913;29770342;1799650936;3399871661;12.9;39.2;mbigs01.igs.psys;Serial1/4:0;;;0;0;0;0;0;0;
1312297852;;up;up;BKBC;up;ok;0;0;0;;0;0;100;343633;347440;20791143;21063977;0.4;0.4;mbigs01.igs.psys;Serial1/5:0;;;0;0;0;0;0;0;
1312297852;;up;up;BKBC;up;ok;0;0;0;;0;1157;100;4156191;5899861;513267738;1894282895;0.4;1.2;mbigs01.igs.psys;Serial1/5:0.311;;;0;0;0;0;0;0;
1312297853;;up;up;BKBCM;up;ok;0;0;0;;0;0;100;11939971;11520638;2132745731;3908931513;0.8;6.7;mbigs01.igs.psys;Serial1/6:0;;;0;0;0;0;0;0;
1312297853;;up;up;BKBCM;up;ok;0;0;0;;0;0;100;268071;268466;12822990;12909424;0.4;0.4;mbigs01.igs.psys;Serial1/7:0;;;0;0;0;0;0;0;
1312297853;;up;up;BKB;up;ok;0;4;0;;0;0;100;436636;441557;25075118;24995078;0.4;0.4;mbigs01.igs.psys;Serial2/0:0;;;0;0;0;0;0;0;
1312297853;;up;up;BKBCM;up;ok;0;0;0;;0;0;100;344003;347562;20781767;21047137;0.4;0.4;mbigs01.igs.psys;Serial2/1:0;;;0;0;0;0;0;0;
1312297853;;up;up;BKBC;up;ok;792;3414;0;;0;0;100;414932;421943;21899037;22346695;0.4;0.4;mbigs01.igs.psys;Serial2/2:0;;;0;0;0;0;0;0;
1312297853;;up;up;BKB;up;ok;0;0;0;;0;0;100;422338;429981;22624461;23174251;0.4;0.4;mbigs01.igs.psys;Serial2/3:0;;;0;0;0;0;0;0;
1312297853;;up;up;BKB;up;ok;0;0;0;;0;9509;100;18038611;15526914;2911545549;1993879297;1.6;0.4;mbigs01.igs.psys;Serial2/4:0;;;0;0;0;0;0;0;
1312297853;;up;up;BKBCM;up;ok;0;0;0;;0;0;100;192160;193822;8740425;8414423;0.4;0.4;mbigs01.igs.psys;Serial2/5:0;;;0;0;0;0;0;0;
1312297853;;up;up;BKBC;up;ok;0;103;0;;0;0;100;417489;1303346;22243727;65116032;0.4;0.4;mbigs01.igs.psys;Serial2/6:0;;;0;0;0;0;0;0;
1312297853;;up;up;BKBCM;up;ok;11;3106;0;;0;0;100;28989082;28305395;1402924236;2749777832;12.5;39.2;mbigs01.igs.psys;Serial2/7:0;;;0;0;0;0;0;0;
1312297853;;up;up;BKBC;up;ok;2569;3129;0;;0;21;100;1249100482;1355961750;3868000730;2702648390;3.1;7.1;mbigs01.igs.psys;ATM3/0;;;0;0;0;0;0;0;
1312297853;;up;up;BKBC;up;ok;0;;0;;0;21;100;1292030;1298651;63723049;64143904;3.1;7.1;mbigs01.igs.psys;ATM3/0.131;;;0;0;0;0;0;0;
1312297853;;up;up;BKBC;up;ok;0;;0;;0;21;100;1293255;1299856;63854975;64279367;3.1;7.1;mbigs01.igs.psys;ATM3/0.151;;;0;0;0;0;0;0;
1312297853;;up;up;BKBC;up;ok;0;;0;;0;21;100;190334851;192238622;33292639057;79125217163;3.1;7.1;mbigs01.igs.psys;ATM3/0.192;;;0;0;0;0;0;0;
1312297853;;up;up;BKBC;up;ok;0;;0;;0;21;100;200875858;223960178;41854690935;115708142507;3.1;7.1;mbigs01.igs.psys;ATM3/0.304;;;0;0;0;0;0;0;
1312297853;;up;up;BKBC;up;ok;2556;;0;;0;21;100;8593037;11926054;1650139307;6712808499;3.1;7.1;mbigs01.igs.psys;ATM3/0.312;;;0;0;0;0;0;0;
1312297853;;up;up;BKBC;up;ok;0;;0;;0;21;100;1250857;1258931;59137659;59994160;3.1;7.1;mbigs01.igs.psys;ATM3/0.421;;;0;0;0;0;0;0;
1312297853;;up;up;BKBC;up;ok;0;;0;;0;21;100;212613559;247587644;79673156408;143409904195;3.1;7.1;mbigs01.igs.psys;ATM3/0.604;;;0;0;0;0;0;0;
1312297853;;up;up;BKBC;up;ok;0;;0;;0;21;100;373762;374956;18880928;19293302;3.1;7.1;mbigs01.igs.psys;ATM3/0.611;;;0;0;0;0;0;0;
1312297853;;up;up;BKBC;up;ok;8;;0;;0;21;100;541375312;591999331;121608942200;308242993177;3.1;7.1;mbigs01.igs.psys;ATM3/0.613;;;0;0;0;0;0;0;
1312297853;;up;up;BKBC;up;ok;5;;0;;0;21;100;82008476;74837629;12899450782;36040709488;3.1;7.1;mbigs01.igs.psys;ATM3/0.615;;;0;0;0;0;0;0;
1312297853;;up;up;BKBC;up;ok;0;;0;;0;21;100;390131;393488;22130050;21339315;3.1;7.1;mbigs01.igs.psys;ATM3/0.792;;;0;0;0;0;0;0;
1312297853;;up;up;BKBC;up;ok;0;;0;;0;21;100;1291893;1298627;63721556;64146394;3.1;7.1;mbigs01.igs.psys;ATM3/0.911;;;0;0;0;0;0;0;
1312297853;;up;up;BKBC;up;ok;0;;0;;0;21;100;1248764;1266265;59987159;60541825;3.1;7.1;mbigs01.igs.psys;ATM3/0.912;;;0;0;0;0;0;0;
1312297853;;up;up;BKBC;up;ok;0;;0;;0;21;100;1256440;1267342;60058068;60839220;3.1;7.1;mbigs01.igs.psys;ATM3/0.913;;;0;0;0;0;0;0;
1312297853;;up;up;BKBC;up;ok;0;;0;;0;21;100;1268425;1269280;61124615;61384825;3.1;7.1;mbigs01.igs.psys;ATM3/0.922;;;0;0;0;0;0;0;
1312297853;;up;up;BKBC;up;ok;0;;0;;0;21;100;1275291;1275816;61522482;61744124;3.1;7.1;mbigs01.igs.psys;ATM3/0.923;;;0;0;0;0;0;0;
1312297853;;up;up;BKBC;up;ok;0;;0;;0;21;100;1261390;1259754;60616073;60160835;3.1;7.1;mbigs01.igs.psys;ATM3/0.924;;;0;0;0;0;0;0;
1312297853;;up;up;BKBCM;up;ok;0;0;0;;0;0;100;11942006;11527070;2133096072;3907420452;0.8;6.3;mbigs01.igs.psys;Serial4/0:0;;;0;0;0;0;0;0;
1312297854;;up;up;BKBCM;up;ok;0;0;0;;0;0;100;11941695;11524424;2132860755;3907990883;0.8;6.3;mbigs01.igs.psys;Serial4/1:0;;;0;0;0;0;0;0;
1312297854;;up;up;BKBCM;up;ok;0;0;0;;0;0;100;191442;194271;8741415;8395180;0.4;0.4;mbigs01.igs.psys;Serial4/2:0;;;0;0;0;0;0;0;
1312297854;;up;up;BKB;up;ok;0;0;0;;0;0;100;0;0;0;0;0.4;0.4;mbigs01.igs.psys;Serial4/6:0;;;0;0;0;0;0;0;
1312297854;;up;up;BKB;up;ok;0;0;0;;0;0;100;415085;422208;21845672;22363163;0.4;0.4;mbigs01.igs.psys;Serial4/6:0.341;;;0;0;0;0;0;0;
1312297854;;up;up;BKBCM;up;ok;0;0;0;;0;0;100;11939336;11520935;2133415454;3908830227;0.8;6.7;mbigs01.igs.psys;Serial4/7:0;;;0;0;0;0;0;0;
1312297854;;up;up;BKB;up;ok;0;0;0;;0;0;100;406368;413485;20945680;21434225;0.4;0.4;mbigs01.igs.psys;Serial5/0:0;;;0;0;0;0;0;0;
1312297854;;up;up;BKBC;up;ok;0;0;0;;0;12;100;6657373;13680036;946672334;46507143;0.4;2.0;mbigs01.igs.psys;Serial5/1:0;;;0;0;0;0;0;0;
1312297854;;up;up;BKBC;up;ok;0;0;0;;0;0;100;492261;184887;472738906;15285056;0.4;0.4;mbigs01.igs.psys;Serial5/2:0;;;0;0;0;0;0;0;
1312297854;;up;up;BKBCM;up;ok;24;914;0;;0;0;100;30414780;29767401;1723885507;3400286589;12.9;38.8;mbigs01.igs.psys;Serial5/3:0;;;0;0;0;0;0;0;
1312297854;;up;up;BKBCM;up;ok;0;0;0;;0;0;100;267745;268546;12811642;12886862;0.4;0.4;mbigs01.igs.psys;Serial5/4:0;;;0;0;0;0;0;0;
